2.500000000000e-01	3.300000000000e+00	0.000000000000e+00	1.165000000000e+00	0.000000000000e+00	1.060000000000e-01	9.098712446352e+00	1.281500000000e-02	1.100000000000e+00	1.281500000000e-02	0.000000000000e+00	1.281500000000e-02	0.000000000000e+00	
3.000000000000e-01	7.200000000000e+00	0.000000000000e+00	9.510000000000e-01	0.000000000000e+00	6.300000000000e-02	6.624605678233e+00	1.046100000000e-02	1.100000000000e+00	1.046100000000e-02	0.000000000000e+00	1.046100000000e-02	0.000000000000e+00	
3.500000000000e-01	6.400000000000e+00	0.000000000000e+00	9.890000000000e-01	0.000000000000e+00	1.700000000000e-02	1.718907987867e+00	1.087900000000e-02	1.100000000000e+00	1.087900000000e-02	0.000000000000e+00	1.087900000000e-02	0.000000000000e+00	
4.000000000000e-01	7.100000000000e+00	0.000000000000e+00	9.790000000000e-01	0.000000000000e+00	2.300000000000e-02	2.349336057201e+00	1.076900000000e-02	1.100000000000e+00	1.076900000000e-02	0.000000000000e+00	1.076900000000e-02	0.000000000000e+00	
4.500000000000e-01	7.200000000000e+00	0.000000000000e+00	9.520000000000e-01	0.000000000000e+00	1.700000000000e-02	1.785714285714e+00	1.047200000000e-02	1.100000000000e+00	1.047200000000e-02	0.000000000000e+00	1.047200000000e-02	0.000000000000e+00	
5.000000000000e-01	7.600000000000e+00	0.000000000000e+00	9.330000000000e-01	0.000000000000e+00	1.900000000000e-02	2.036441586281e+00	1.026300000000e-02	1.100000000000e+00	1.026300000000e-02	0.000000000000e+00	1.026300000000e-02	0.000000000000e+00	
5.500000000000e-01	7.600000000000e+00	0.000000000000e+00	9.070000000000e-01	0.000000000000e+00	2.000000000000e-02	2.205071664829e+00	9.977000000000e-03	1.100000000000e+00	9.977000000000e-03	0.000000000000e+00	9.977000000000e-03	0.000000000000e+00	
6.000000000000e-01	6.000000000000e+00	0.000000000000e+00	8.760000000000e-01	0.000000000000e+00	1.600000000000e-02	1.826484018265e+00	9.636000000000e-03	1.100000000000e+00	9.636000000000e-03	0.000000000000e+00	9.636000000000e-03	0.000000000000e+00	
6.500000000000e-01	7.800000000000e+00	0.000000000000e+00	8.700000000000e-01	0.000000000000e+00	1.700000000000e-02	1.954022988506e+00	9.570000000000e-03	1.100000000000e+00	9.570000000000e-03	0.000000000000e+00	9.570000000000e-03	0.000000000000e+00	
7.000000000000e-01	9.700000000000e+00	0.000000000000e+00	8.850000000000e-01	0.000000000000e+00	2.700000000000e-02	3.050847457627e+00	9.735000000000e-03	1.100000000000e+00	9.735000000000e-03	0.000000000000e+00	9.735000000000e-03	0.000000000000e+00	
7.500000000000e-01	1.140000000000e+01	0.000000000000e+00	9.340000000000e-01	0.000000000000e+00	4.100000000000e-02	4.389721627409e+00	1.027400000000e-02	1.100000000000e+00	1.027400000000e-02	0.000000000000e+00	1.027400000000e-02	0.000000000000e+00	
8.000000000000e-01	1.280000000000e+01	0.000000000000e+00	9.360000000000e-01	0.000000000000e+00	5.400000000000e-02	5.769230769231e+00	1.029600000000e-02	1.100000000000e+00	1.029600000000e-02	0.000000000000e+00	1.029600000000e-02	0.000000000000e+00	
8.500000000000e-01	1.700000000000e+01	0.000000000000e+00	1.069000000000e+00	0.000000000000e+00	9.900000000000e-02	9.260991580917e+00	1.175900000000e-02	1.100000000000e+00	1.175900000000e-02	0.000000000000e+00	1.175900000000e-02	0.000000000000e+00	
9.000000000000e-01	1.930000000000e+01	0.000000000000e+00	1.162000000000e+00	0.000000000000e+00	2.550000000000e-01	2.194492254733e+01	1.278200000000e-02	1.100000000000e+00	1.278200000000e-02	0.000000000000e+00	1.278200000000e-02	0.000000000000e+00	
8.900000000000e-02	2.000000000000e+00	0.000000000000e+00	9.990000000000e-01	0.000000000000e+00	1.900000000000e-02	1.901901901902e+00	0.000000000000e+00	0.000000000000e+00	0.000000000000e+00	1.000000000000e+00	0.000000000000e+00	1.000000000000e+00	
1.300000000000e-01	2.000000000000e+00	0.000000000000e+00	1.041000000000e+00	0.000000000000e+00	1.400000000000e-02	1.344860710855e+00	0.000000000000e+00	0.000000000000e+00	0.000000000000e+00	1.000000000000e+00	0.000000000000e+00	1.000000000000e+00	
2.200000000000e-01	2.000000000000e+00	0.000000000000e+00	1.015000000000e+00	0.000000000000e+00	1.400000000000e-02	1.379310344828e+00	0.000000000000e+00	0.000000000000e+00	0.000000000000e+00	1.000000000000e+00	0.000000000000e+00	1.000000000000e+00	
3.000000000000e-01	2.000000000000e+00	0.000000000000e+00	1.000000000000e+00	0.000000000000e+00	1.300000000000e-02	1.300000000000e+00	0.000000000000e+00	0.000000000000e+00	0.000000000000e+00	1.000000000000e+00	0.000000000000e+00	1.000000000000e+00	
4.000000000000e-01	2.000000000000e+00	0.000000000000e+00	9.470000000000e-01	0.000000000000e+00	1.300000000000e-02	1.372756071806e+00	0.000000000000e+00	0.000000000000e+00	0.000000000000e+00	1.000000000000e+00	0.000000000000e+00	1.000000000000e+00	
5.000000000000e-01	2.000000000000e+00	0.000000000000e+00	9.050000000000e-01	0.000000000000e+00	1.100000000000e-02	1.215469613260e+00	0.000000000000e+00	0.000000000000e+00	0.000000000000e+00	1.000000000000e+00	0.000000000000e+00	1.000000000000e+00	
1.400000000000e-01	5.000000000000e+00	0.000000000000e+00	1.056000000000e+00	0.000000000000e+00	3.000000000000e-02	2.840909090909e+00	0.000000000000e+00	0.000000000000e+00	0.000000000000e+00	1.000000000000e+00	0.000000000000e+00	1.000000000000e+00	
2.200000000000e-01	5.000000000000e+00	0.000000000000e+00	1.012000000000e+00	0.000000000000e+00	1.300000000000e-02	1.284584980237e+00	0.000000000000e+00	0.000000000000e+00	0.000000000000e+00	1.000000000000e+00	0.000000000000e+00	1.000000000000e+00	
3.000000000000e-01	5.000000000000e+00	0.000000000000e+00	1.007000000000e+00	0.000000000000e+00	1.400000000000e-02	1.390268123138e+00	0.000000000000e+00	0.000000000000e+00	0.000000000000e+00	1.000000000000e+00	0.000000000000e+00	1.000000000000e+00	
3.010000000000e-01	5.010000000000e+00	0.000000000000e+00	9.810000000000e-01	0.000000000000e+00	1.500000000000e-02	1.529051987768e+00	0.000000000000e+00	0.000000000000e+00	0.000000000000e+00	1.000000000000e+00	0.000000000000e+00	1.000000000000e+00	
4.000000000000e-01	5.000000000000e+00	0.000000000000e+00	9.680000000000e-01	0.000000000000e+00	9.000000000000e-03	9.297520661157e-01	0.000000000000e+00	0.000000000000e+00	0.000000000000e+00	1.000000000000e+00	0.000000000000e+00	1.000000000000e+00	
5.000000000000e-01	5.000000000000e+00	0.000000000000e+00	9.200000000000e-01	0.000000000000e+00	9.000000000000e-03	9.782608695652e-01	0.000000000000e+00	0.000000000000e+00	0.000000000000e+00	1.000000000000e+00	0.000000000000e+00	1.000000000000e+00	
5.100000000000e-01	5.100000000000e+00	0.000000000000e+00	9.080000000000e-01	0.000000000000e+00	1.200000000000e-02	1.321585903084e+00	0.000000000000e+00	0.000000000000e+00	0.000000000000e+00	1.000000000000e+00	0.000000000000e+00	1.000000000000e+00	
6.000000000000e-01	5.000000000000e+00	0.000000000000e+00	8.810000000000e-01	0.000000000000e+00	7.000000000000e-03	7.945516458570e-01	0.000000000000e+00	0.000000000000e+00	0.000000000000e+00	1.000000000000e+00	0.000000000000e+00	1.000000000000e+00	
7.000000000000e-01	5.000000000000e+00	0.000000000000e+00	8.490000000000e-01	0.000000000000e+00	8.000000000000e-03	9.422850412250e-01	0.000000000000e+00	0.000000000000e+00	0.000000000000e+00	1.000000000000e+00	0.000000000000e+00	1.000000000000e+00	
7.010000000000e-01	5.001000000000e+00	0.000000000000e+00	8.500000000000e-01	0.000000000000e+00	1.400000000000e-02	1.647058823529e+00	0.000000000000e+00	0.000000000000e+00	0.000000000000e+00	1.000000000000e+00	0.000000000000e+00	1.000000000000e+00	
3.000000000000e-01	1.000000000000e+01	0.000000000000e+00	9.420000000000e-01	0.000000000000e+00	2.100000000000e-02	2.229299363057e+00	0.000000000000e+00	0.000000000000e+00	0.000000000000e+00	1.000000000000e+00	0.000000000000e+00	1.000000000000e+00	
4.000000000000e-01	1.000000000000e+01	0.000000000000e+00	9.350000000000e-01	0.000000000000e+00	1.200000000000e-02	1.283422459893e+00	0.000000000000e+00	0.000000000000e+00	0.000000000000e+00	1.000000000000e+00	0.000000000000e+00	1.000000000000e+00	
5.000000000000e-01	1.000000000000e+01	0.000000000000e+00	8.900000000000e-01	0.000000000000e+00	1.600000000000e-02	1.797752808989e+00	0.000000000000e+00	0.000000000000e+00	0.000000000000e+00	1.000000000000e+00	0.000000000000e+00	1.000000000000e+00	
6.000000000000e-01	1.000000000000e+01	0.000000000000e+00	8.530000000000e-01	0.000000000000e+00	1.100000000000e-02	1.289566236811e+00	0.000000000000e+00	0.000000000000e+00	0.000000000000e+00	1.000000000000e+00	0.000000000000e+00	1.000000000000e+00	
7.000000000000e-01	1.000000000000e+01	0.000000000000e+00	8.660000000000e-01	0.000000000000e+00	1.600000000000e-02	1.847575057737e+00	0.000000000000e+00	0.000000000000e+00	0.000000000000e+00	1.000000000000e+00	0.000000000000e+00	1.000000000000e+00	
8.000000000000e-01	1.000000000000e+01	0.000000000000e+00	9.540000000000e-01	0.000000000000e+00	1.700000000000e-02	1.781970649895e+00	0.000000000000e+00	0.000000000000e+00	0.000000000000e+00	1.000000000000e+00	0.000000000000e+00	1.000000000000e+00	
6.000000000000e-01	1.500000000000e+01	0.000000000000e+00	8.670000000000e-01	0.000000000000e+00	1.300000000000e-02	1.499423298731e+00	0.000000000000e+00	0.000000000000e+00	0.000000000000e+00	1.000000000000e+00	0.000000000000e+00	1.000000000000e+00
