   1	3.100000000000e-02	5.100000000000e+00	0.000000000000e+00	9.230000000000e-01	4.300000000000e-02	2.200000000000e-02	2.383531960997e+00	8.307000000000e-03	9.000000000000e-01	8.307000000000e-03	0.000000000000e+00	
   2	5.000000000000e-02	7.800000000000e+00	0.000000000000e+00	1.020000000000e+00	3.500000000000e-02	2.000000000000e-02	1.960784313725e+00	9.180000000000e-03	9.000000000000e-01	9.180000000000e-03	0.000000000000e+00	
   3	7.800000000000e-02	1.140000000000e+01	0.000000000000e+00	1.002000000000e+00	2.700000000000e-02	1.900000000000e-02	1.896207584830e+00	9.018000000000e-03	9.000000000000e-01	9.018000000000e-03	0.000000000000e+00	
   4	1.230000000000e-01	1.440000000000e+01	0.000000000000e+00	1.004000000000e+00	3.200000000000e-02	1.900000000000e-02	1.892430278884e+00	9.036000000000e-03	9.000000000000e-01	9.036000000000e-03	0.000000000000e+00	
   5	1.730000000000e-01	1.730000000000e+01	0.000000000000e+00	9.950000000000e-01	3.700000000000e-02	1.800000000000e-02	1.809045226131e+00	8.955000000000e-03	9.000000000000e-01	8.955000000000e-03	0.000000000000e+00	
   6	2.430000000000e-01	2.020000000000e+01	0.000000000000e+00	9.570000000000e-01	3.200000000000e-02	1.800000000000e-02	1.880877742947e+00	8.613000000000e-03	9.000000000000e-01	8.613000000000e-03	0.000000000000e+00	
   7	3.430000000000e-01	2.410000000000e+01	0.000000000000e+00	9.020000000000e-01	4.500000000000e-02	1.700000000000e-02	1.884700665188e+00	8.118000000000e-03	9.000000000000e-01	8.118000000000e-03	0.000000000000e+00	
   8	4.420000000000e-01	2.980000000000e+01	0.000000000000e+00	9.020000000000e-01	6.900000000000e-02	1.700000000000e-02	1.884700665188e+00	8.118000000000e-03	9.000000000000e-01	8.118000000000e-03	0.000000000000e+00	
   9	5.640000000000e-01	3.360000000000e+01	0.000000000000e+00	8.740000000000e-01	8.900000000000e-02	1.600000000000e-02	1.830663615561e+00	7.866000000000e-03	9.000000000000e-01	7.866000000000e-03	0.000000000000e+00	
  10	3.500000000000e-03	5.100000000000e-01	0.000000000000e+00	8.600000000000e-01	6.000000000000e-02	5.000000000000e-02	5.813953488372e+00	0.000000000000e+00	0.000000000000e+00	0.000000000000e+00	7.000000000000e+00	
  11	5.000000000000e-03	6.600000000000e-01	0.000000000000e+00	8.700000000000e-01	4.000000000000e-02	4.000000000000e-02	4.597701149425e+00	0.000000000000e+00	0.000000000000e+00	0.000000000000e+00	7.000000000000e+00	
  12	7.500000000000e-03	7.900000000000e-01	0.000000000000e+00	9.000000000000e-01	4.000000000000e-02	4.000000000000e-02	4.444444444444e+00	0.000000000000e+00	0.000000000000e+00	0.000000000000e+00	7.000000000000e+00	
  13	1.050000000000e-02	9.700000000000e-01	0.000000000000e+00	9.200000000000e-01	4.000000000000e-02	4.000000000000e-02	4.347826086957e+00	0.000000000000e+00	0.000000000000e+00	0.000000000000e+00	7.000000000000e+00	
  14	1.500000000000e-02	1.080000000000e+00	0.000000000000e+00	9.000000000000e-01	3.000000000000e-02	4.000000000000e-02	4.444444444444e+00	0.000000000000e+00	0.000000000000e+00	0.000000000000e+00	7.000000000000e+00	
  15	2.400000000000e-02	1.100000000000e+00	0.000000000000e+00	9.000000000000e-01	3.000000000000e-02	4.000000000000e-02	4.444444444444e+00	0.000000000000e+00	0.000000000000e+00	0.000000000000e+00	7.000000000000e+00	
  16	4.000000000000e-02	1.460000000000e+00	0.000000000000e+00	9.200000000000e-01	3.000000000000e-02	5.000000000000e-02	5.434782608696e+00	0.000000000000e+00	0.000000000000e+00	0.000000000000e+00	7.000000000000e+00	
  17	6.000000000000e-02	1.730000000000e+00	0.000000000000e+00	1.020000000000e+00	4.000000000000e-02	5.000000000000e-02	4.901960784314e+00	0.000000000000e+00	0.000000000000e+00	0.000000000000e+00	7.000000000000e+00	
  18	9.000000000000e-02	2.290000000000e+00	0.000000000000e+00	1.030000000000e+00	5.000000000000e-02	5.000000000000e-02	4.854368932039e+00	0.000000000000e+00	0.000000000000e+00	0.000000000000e+00	7.000000000000e+00	
  19	1.100000000000e-02	3.500000000000e-01	0.000000000000e+00	9.400000000000e-01	6.000000000000e-02	5.000000000000e-02	5.319148936170e+00	0.000000000000e+00	0.000000000000e+00	0.000000000000e+00	7.000000000000e+00	
  20	1.700000000000e-02	5.000000000000e-01	0.000000000000e+00	9.000000000000e-01	3.000000000000e-02	5.000000000000e-02	5.555555555556e+00	0.000000000000e+00	0.000000000000e+00	0.000000000000e+00	7.000000000000e+00	
  21	1.600000000000e-02	7.000000000000e-01	0.000000000000e+00	9.300000000000e-01	3.000000000000e-02	5.000000000000e-02	5.376344086022e+00	0.000000000000e+00	0.000000000000e+00	0.000000000000e+00	7.000000000000e+00	
  22	2.600000000000e-02	9.000000000000e-01	0.000000000000e+00	9.000000000000e-01	3.000000000000e-02	5.000000000000e-02	5.555555555556e+00	0.000000000000e+00	0.000000000000e+00	0.000000000000e+00	7.000000000000e+00	
  23	3.100000000000e-02	1.100000000000e+00	0.000000000000e+00	9.700000000000e-01	4.000000000000e-02	4.000000000000e-02	4.123711340206e+00	0.000000000000e+00	0.000000000000e+00	0.000000000000e+00	7.000000000000e+00	
  24	3.800000000000e-02	1.400000000000e+00	0.000000000000e+00	9.700000000000e-01	3.000000000000e-02	5.000000000000e-02	5.154639175258e+00	0.000000000000e+00	0.000000000000e+00	0.000000000000e+00	7.000000000000e+00	
  25	5.200000000000e-02	2.000000000000e+00	0.000000000000e+00	9.900000000000e-01	3.000000000000e-02	4.000000000000e-02	4.040404040404e+00	0.000000000000e+00	0.000000000000e+00	0.000000000000e+00	7.000000000000e+00	
  26	5.500000000000e-02	2.800000000000e+00	0.000000000000e+00	8.700000000000e-01	4.000000000000e-02	4.000000000000e-02	4.597701149425e+00	0.000000000000e+00	0.000000000000e+00	0.000000000000e+00	7.000000000000e+00	
  27	5.600000000000e-02	3.600000000000e+00	0.000000000000e+00	8.900000000000e-01	5.000000000000e-02	4.000000000000e-02	4.494382022472e+00	0.000000000000e+00	0.000000000000e+00	0.000000000000e+00	7.000000000000e+00	
  28	5.800000000000e-02	4.400000000000e+00	0.000000000000e+00	8.300000000000e-01	7.000000000000e-02	4.000000000000e-02	4.819277108434e+00	0.000000000000e+00	0.000000000000e+00	0.000000000000e+00	7.000000000000e+00	
  29	6.400000000000e-02	5.600000000000e+00	0.000000000000e+00	7.900000000000e-01	7.000000000000e-02	4.000000000000e-02	5.063291139241e+00	0.000000000000e+00	0.000000000000e+00	0.000000000000e+00	7.000000000000e+00	
