0.00129	1.29	0.5
0.00205	1.29	0.315
0.00205	2.05	0.5
0.00325	1.29	0.199
0.00325	2.05	0.315
0.00325	3.25	0.5
0.00515	1.29	0.126
0.00515	2.05	0.199
0.00515	3.25	0.315
0.00515	5.15	0.5
0.00815	1.29	0.0792
0.00815	2.05	0.126
0.00815	3.25	0.199
0.00815	5.15	0.315
0.00815	8.15	0.5
0.0129	1.29	0.05
0.0129	2.05	0.0792
0.0129	3.25	0.126
0.0129	5.15	0.199
0.0129	8.15	0.315
0.0129	12.9	0.5
0.0205	1.29	0.0315
0.0205	2.05	0.05
0.0205	3.25	0.0792
0.0205	5.15	0.126
0.0205	8.15	0.199
0.0205	12.9	0.315
0.0205	20.5	0.5
0.0325	1.29	0.0199
0.0325	2.05	0.0315
0.0325	3.25	0.05
0.0325	5.15	0.0792
0.0325	8.15	0.126
0.0325	12.9	0.199
0.0325	20.5	0.315
0.0325	32.5	0.5
0.0515	2.05	0.0199
0.0515	3.25	0.0315
0.0515	5.15	0.05
0.0515	8.15	0.0792
0.0515	12.9	0.126
0.0515	20.5	0.199
0.0515	32.5	0.315
0.0515	51.5	0.5
0.0815	3.25	0.0199
0.0815	5.15	0.0315
0.0815	8.15	0.05
0.0815	12.9	0.0792
0.0815	20.5	0.126
0.0815	32.5	0.199
0.0815	51.5	0.315
0.0815	81.5	0.5
0.129	5.15	0.0199
0.129	8.15	0.0315
0.129	12.9	0.05
0.129	20.5	0.0792
0.129	32.5	0.126
0.129	51.5	0.199
0.129	81.5	0.315
0.129	129	0.5
0.205	8.15	0.0199
0.205	12.9	0.0315
0.205	20.5	0.05
0.205	32.5	0.0792
0.205	51.5	0.126
0.205	81.5	0.199
0.205	129	0.315
0.205	205	0.5
0.325	12.9	0.0199
0.325	20.5	0.0315
0.325	32.5	0.05
0.325	51.5	0.0792
0.325	81.5	0.126
0.325	129	0.199
0.325	205	0.315
0.325	325	0.5
0.515	20.5	0.0199
0.515	32.5	0.0315
0.515	51.5	0.05
0.515	81.5	0.0792
0.515	129	0.126
0.515	205	0.199
0.515	325	0.315
0.515	515	0.5
0.815	32.5	0.0199
0.815	51.5	0.0315
0.815	81.5	0.05
0.815	129	0.0792
0.815	205	0.126
0.815	325	0.199
0.815	515	0.315
0.815	815	0.5
