 Soft   2.5443270913169174E-003   2.2801000000000000        2.2801000000000000       -2.0853210844272983E-004
 Virtual1   2.5443270913169174E-003   2.2801000000000000        2.2801000000000000        1.9951294148812280
 Virtual2   2.5443270913169174E-003   2.2801000000000000        2.2801000000000000       -4.4987067813142545E-003
 Soft   2.9991729718999824E-003   2.2801000000000000        2.2801000000000000       -2.4580200712623237E-004
 Virtual1   2.9991729718999824E-003   2.2801000000000000        2.2801000000000000        1.9944030524345904
 Virtual2   2.9991729718999824E-003   2.2801000000000000        2.2801000000000000       -5.1586065290865069E-003
 Soft   3.5353310295963697E-003   2.2801000000000000        2.2801000000000000       -2.8973105080714700E-004
 Virtual1   3.5353310295963697E-003   2.2801000000000000        2.2801000000000000        1.9935726627187791
 Virtual2   3.5353310295963697E-003   2.2801000000000000        2.2801000000000000       -5.9106589080401006E-003
 Soft   4.1673373313007214E-003   2.2801000000000000        2.2801000000000000       -3.4150830606308473E-004
 Virtual1   4.1673373313007214E-003   2.2801000000000000        2.2801000000000000        1.9926242715435634
 Virtual2   4.1673373313007214E-003   2.2801000000000000        2.2801000000000000       -6.7667179453397841E-003
 Soft   4.9123265367417047E-003   2.2801000000000000        2.2801000000000000       -4.0253487046464347E-004
 Virtual1   4.9123265367417047E-003   2.2801000000000000        2.2801000000000000        1.9915422348645158
 Virtual2   4.9123265367417047E-003   2.2801000000000000        2.2801000000000000       -7.7399295352617026E-003
 Soft   5.7904964453753304E-003   2.2801000000000000        2.2801000000000000       -4.7446156811902732E-004
 Virtual1   5.7904964453753304E-003   2.2801000000000000        2.2801000000000000        1.9903090888893542
 Virtual2   5.7904964453753304E-003   2.2801000000000000        2.2801000000000000       -8.8448141617628595E-003
 Soft   6.8256555896922004E-003   2.2801000000000000        2.2801000000000000       -5.5923330297102817E-004
 Virtual1   6.8256555896922004E-003   2.2801000000000000        2.2801000000000000        1.9889054001007536
 Virtual2   6.8256555896922004E-003   2.2801000000000000        2.2801000000000000       -1.0097337851740606E-002
 Soft   8.0458687210326948E-003   2.2801000000000000        2.2801000000000000       -6.5914122846274245E-004
 Virtual1   8.0458687210326948E-003   2.2801000000000000        2.2801000000000000        1.9873096199739420
 Virtual2   8.0458687210326948E-003   2.2801000000000000        2.2801000000000000       -1.1514964523234750E-002
 Soft   9.4842176880201388E-003   2.2801000000000000        2.2801000000000000       -7.7688408708855060E-004
 Virtual1   9.4842176880201388E-003   2.2801000000000000        2.2801000000000000        1.9854979508871684
 Virtual2   9.4842176880201388E-003   2.2801000000000000        2.2801000000000000       -1.3116680828454297E-002
 Soft   1.1179698336192697E-002   2.2801000000000000        2.2801000000000000       -9.1564029876633948E-004
 Virtual1   1.1179698336192697E-002   2.2801000000000000        2.2801000000000000        1.9834442318918708
 Virtual2   1.1179698336192697E-002   2.2801000000000000        2.2801000000000000       -1.4922982021362996E-002
 Soft   1.3178277745158010E-002   2.2801000000000000        2.2801000000000000       -1.0791526352892621E-003
 Virtual1   1.3178277745158010E-002   2.2801000000000000        2.2801000000000000        1.9811198557189087
 Virtual2   1.3178277745158010E-002   2.2801000000000000        2.2801000000000000       -1.6955804221743698E-002
 Soft   1.5534140466590626E-002   2.2801000000000000        2.2801000000000000       -1.2718276149133196E-003
 Virtual1   1.5534140466590626E-002   2.2801000000000000        2.2801000000000000        1.9784937318201863
 Virtual2   1.5534140466590626E-002   2.2801000000000000        2.2801000000000000       -1.9238384498118988E-002
 Soft   1.8311157550494853E-002   2.2801000000000000        2.2801000000000000       -1.4988520871508865E-003
 Virtual1   1.8311157550494853E-002   2.2801000000000000        2.2801000000000000        1.9755323144695018
 Virtual2   1.8311157550494853E-002   2.2801000000000000        2.2801000000000000       -2.1795025381834976E-002
 Soft   2.1584618187287113E-002   2.2801000000000000        2.2801000000000000       -1.7663298579997100E-003
 Virtual1   2.1584618187287113E-002   2.2801000000000000        2.2801000000000000        1.9721997201930785
 Virtual2   2.1584618187287113E-002   2.2801000000000000        2.2801000000000000       -2.4650734515484052E-002
 Soft   2.5443270913169273E-002   2.2801000000000000        2.2801000000000000       -2.0814416297537195E-003
 Virtual1   2.5443270913169273E-002   2.2801000000000000        2.2801000000000000        1.9684579652471290
 Virtual2   2.5443270913169273E-002   2.2801000000000000        2.2801000000000000       -2.7830702957575726E-002
 Soft   2.9991729718999941E-002   2.2801000000000000        2.2801000000000000       -2.4526319970153265E-003
 Virtual1   2.9991729718999941E-002   2.2801000000000000        2.2801000000000000        1.9642673617543867
 Virtual2   2.9991729718999941E-002   2.2801000000000000        2.2801000000000000       -3.1359576965072078E-002
 Soft   3.5353310295963829E-002   2.2801000000000000        2.2801000000000000       -2.8898277475171083E-003
 Virtual1   3.5353310295963829E-002   2.2801000000000000        2.2801000000000000        1.9595871207030273
 Virtual2   3.5353310295963829E-002   2.2801000000000000        2.2801000000000000       -3.5260467623585035E-002
 Soft   4.1673373313007363E-002   2.2801000000000000        2.2801000000000000       -3.4046922523643559E-003
 Virtual1   4.1673373313007363E-002   2.2801000000000000        2.2801000000000000        1.9543762216100613
 Virtual2   4.1673373313007363E-002   2.2801000000000000        2.2801000000000000       -3.9553630192520561E-002
 Soft   4.9123265367417228E-002   2.2801000000000000        2.2801000000000000       -4.0109212801810734E-003
 Virtual1   4.9123265367417228E-002   2.2801000000000000        2.2801000000000000        1.9485946225437687
 Virtual2   4.9123265367417228E-002   2.2801000000000000        2.2801000000000000       -4.4254730238485807E-002
 Soft   5.7904964453753524E-002   2.2801000000000000        2.2801000000000000       -4.7245861041902738E-003
 Virtual1   5.7904964453753524E-002   2.2801000000000000        2.2801000000000000        1.9422049007159623
 Virtual2   5.7904964453753524E-002   2.2801000000000000        2.2801000000000000       -4.9372596262877044E-002
 Soft   6.8256555896922255E-002   2.2801000000000000        2.2801000000000000       -5.5645302487944033E-003
 Virtual1   6.8256555896922255E-002   2.2801000000000000        2.2801000000000000        1.9351744332700656
 Virtual2   6.8256555896922255E-002   2.2801000000000000        2.2801000000000000       -5.4906338404322241E-002
 Soft   8.0458687210327257E-002   2.2801000000000000        2.2801000000000000       -6.5528265787634377E-003
 Virtual1   8.0458687210327257E-002   2.2801000000000000        2.2801000000000000        1.9274782504260837
 Virtual2   8.0458687210327257E-002   2.2801000000000000        2.2801000000000000       -6.0841689816448663E-002
 Soft   9.4842176880201731E-002   2.2801000000000000        2.2801000000000000       -7.7153015782176135E-003
 Virtual1   9.4842176880201731E-002   2.2801000000000000        2.2801000000000000        1.9191027188842849
 Virtual2   9.4842176880201731E-002   2.2801000000000000        2.2801000000000000       -6.7146401580111426E-002
 Soft  0.11179698336192738        2.2801000000000000        2.2801000000000000       -9.0821334684159025E-003
 Virtual1  0.11179698336192738        2.2801000000000000        2.2801000000000000        1.9100502421776318
 Virtual2  0.11179698336192738        2.2801000000000000        2.2801000000000000       -7.3764493917787277E-002
 Soft  0.13178277745158054        2.2801000000000000        2.2801000000000000       -1.0688530094306738E-002
 Virtual1  0.13178277745158054        2.2801000000000000        2.2801000000000000        1.9003451959767717
 Virtual2  0.13178277745158054        2.2801000000000000        2.2801000000000000       -8.0609136901024780E-002
 Soft  0.15534140466590682        2.2801000000000000        2.2801000000000000       -1.2575491028875840E-002
 Virtual1  0.15534140466590682        2.2801000000000000        2.2801000000000000        1.8900413490820254
 Virtual2  0.15534140466590682        2.2801000000000000        2.2801000000000000       -8.7553904350894163E-002
 Soft  0.18311157550494919        2.2801000000000000        2.2801000000000000       -1.4790655782474321E-002
 Virtual1  0.18311157550494919        2.2801000000000000        2.2801000000000000        1.8792310530437617
 Virtual2  0.18311157550494919        2.2801000000000000        2.2801000000000000       -9.4422117770070813E-002
 Soft  0.21584618187287186        2.2801000000000000        2.2801000000000000       -1.7389235951724633E-002
 Virtual1  0.21584618187287186        2.2801000000000000        2.2801000000000000        1.8680565119025274
 Virtual2  0.21584618187287186        2.2801000000000000        2.2801000000000000      -0.10097397681749876
 Soft  0.25443270913169364        2.2801000000000000        2.2801000000000000       -2.0435023086488244E-002
 Virtual1  0.25443270913169364        2.2801000000000000        2.2801000000000000        1.8567234636829344
 Virtual2  0.25443270913169364        2.2801000000000000        2.2801000000000000      -0.10689116474482718
 Soft  0.29991729719000043        2.2801000000000000        2.2801000000000000       -2.4001455377454656E-002
 Virtual1  0.29991729719000043        2.2801000000000000        2.2801000000000000        1.8455176101435886
 Virtual2  0.29991729719000043        2.2801000000000000        2.2801000000000000      -0.11175862935157477
 Soft  0.35353310295963947        2.2801000000000000        2.2801000000000000       -2.8172714267745036E-002
 Virtual1  0.35353310295963947        2.2801000000000000        2.2801000000000000        1.8348241113638886
 Virtual2  0.35353310295963947        2.2801000000000000        2.2801000000000000      -0.11504328315707468
 Soft  0.41673373313007511        2.2801000000000000        2.2801000000000000       -3.3044806027321849E-002
 Virtual1  0.41673373313007511        2.2801000000000000        2.2801000000000000        1.8251504044178934
 Virtual2  0.41673373313007511        2.2801000000000000        2.2801000000000000      -0.11606945452910356
 Soft  0.49123265367417390        2.2801000000000000        2.2801000000000000       -3.8726562518719282E-002
 Virtual1  0.49123265367417390        2.2801000000000000        2.2801000000000000        1.8171524947065902
 Virtual2  0.49123265367417390        2.2801000000000000        2.2801000000000000      -0.11399107147618970
 Soft  0.57904964453753727        2.2801000000000000        2.2801000000000000       -4.5340469381641851E-002
 Virtual1  0.57904964453753727        2.2801000000000000        2.2801000000000000        1.8116646855530272
 Virtual2  0.57904964453753727        2.2801000000000000        2.2801000000000000      -0.10776079116998760
 Soft  0.68256555896922499        2.2801000000000000        2.2801000000000000       -5.3023198744164501E-002
 Virtual1  0.68256555896922499        2.2801000000000000        2.2801000000000000        1.8097324357489155
 Virtual2  0.68256555896922499        2.2801000000000000        2.2801000000000000       -9.6096621084113099E-002
 Soft  0.80458687210327551        2.2801000000000000        2.2801000000000000       -6.1925688319167727E-002
 Virtual1  0.80458687210327551        2.2801000000000000        2.2801000000000000        1.8126476463073367
 Virtual2  0.80458687210327551        2.2801000000000000        2.2801000000000000       -7.7447028970823339E-002
 Soft  0.94842176880202100        2.2801000000000000        2.2801000000000000       -7.2212571815333138E-002
 Virtual1  0.94842176880202100        2.2801000000000000        2.2801000000000000        1.8219851632363824
 Virtual2  0.94842176880202100        2.2801000000000000        2.2801000000000000       -4.9956116765144332E-002
 Soft   1.1179698336192778        2.2801000000000000        2.2801000000000000       -8.4060731519189524E-002
 Virtual1   1.1179698336192778        2.2801000000000000        2.2801000000000000        1.8396386430303611
 Virtual2   1.1179698336192778        2.2801000000000000        2.2801000000000000       -1.1431127987104217E-002
 Soft   1.3178277745158105        2.2801000000000000        2.2801000000000000       -9.7656719929728797E-002
 Virtual1   1.3178277745158105        2.2801000000000000        2.2801000000000000        1.8678531864886629
 Virtual2   1.3178277745158105        2.2801000000000000        2.2801000000000000        4.0684670166414083E-002
 Soft   1.5534140466590736        2.2801000000000000        2.2801000000000000      -0.11319279376018654
 Virtual1   1.5534140466590736        2.2801000000000000        2.2801000000000000        1.9092513660009096
 Virtual2   1.5534140466590736        2.2801000000000000        2.2801000000000000       0.10932992203584746
 Soft   1.8311157550494988        2.2801000000000000        2.2801000000000000      -0.13086133358327767
 Virtual1   1.8311157550494988        2.2801000000000000        2.2801000000000000        1.9668485617537050
 Virtual2   1.8311157550494988        2.2801000000000000        2.2801000000000000       0.19782950119837173
 Soft   2.1584618187287274        2.2801000000000000        2.2801000000000000      -0.15084750043944894
 Virtual1   2.1584618187287274        2.2801000000000000        2.2801000000000000        2.0440530480161723
 Virtual2   2.1584618187287274        2.2801000000000000        2.2801000000000000       0.30988047996830015
 Soft   2.5443270913169460        2.2801000000000000        2.2801000000000000      -0.17332011982881057
 Virtual1   2.5443270913169460        2.2801000000000000        2.2801000000000000        2.1446462431739564
 Virtual2   2.5443270913169460        2.2801000000000000        2.2801000000000000       0.44951528766826088
 Soft   2.9991729719000162        2.2801000000000000        2.2801000000000000      -0.19842099018269010
 Virtual1   2.9991729719000162        2.2801000000000000        2.2801000000000000        2.2727391852272349
 Virtual2   2.9991729719000162        2.2801000000000000        2.2801000000000000       0.62103866037461808
 Soft   3.5353310295964095        2.2801000000000000        2.2801000000000000      -0.22625308087614715
 Virtual1   3.5353310295964095        2.2801000000000000        2.2801000000000000        2.4327028068835488
 Virtual2   3.5353310295964095        2.2801000000000000        2.2801000000000000       0.82893701567195832
 Soft   4.1673373313007680        2.2801000000000000        2.2801000000000000      -0.25686838874438012
 Virtual1   4.1673373313007680        2.2801000000000000        2.2801000000000000        2.6290720283849272
 Virtual2   4.1673373313007680        2.2801000000000000        2.2801000000000000        1.0777618885240936
 Soft   4.9123265367417579        2.2801000000000000        2.2801000000000000      -0.29025651407979769
 Virtual1   4.9123265367417579        2.2801000000000000        2.2801000000000000        2.8664269193740441
 Virtual2   4.9123265367417579        2.2801000000000000        2.2801000000000000        1.3719927930100666
 Soft   5.7904964453753944        2.2801000000000000        2.2801000000000000      -0.32633522993339259
 Virtual1   5.7904964453753944        2.2801000000000000        2.2801000000000000        3.1492577923169165
 Virtual2   5.7904964453753944        2.2801000000000000        2.2801000000000000        1.7158887826547149
 Soft   6.8256555896922748        2.2801000000000000        2.2801000000000000      -0.36494437768258114
 Virtual1   6.8256555896922748        2.2801000000000000        2.2801000000000000        3.4818244139416046
 Virtual2   6.8256555896922748        2.2801000000000000        2.2801000000000000        2.1133412650359524
 Soft   8.0458687210327842        2.2801000000000000        2.2801000000000000      -0.40584426656283368
 Virtual1   8.0458687210327842        2.2801000000000000        2.2801000000000000        3.8680217589104302
 Virtual2   8.0458687210327842        2.2801000000000000        2.2801000000000000        2.5677423879476313
 Soft   9.4842176880202445        2.2801000000000000        2.2801000000000000      -0.44871936323563588
 Virtual1   9.4842176880202445        2.2801000000000000        2.2801000000000000        4.3112651692683626
 Virtual2   9.4842176880202445        2.2801000000000000        2.2801000000000000        3.0818828349983267
 Soft   11.179698336192818        2.2801000000000000        2.2801000000000000      -0.49318746526529900
 Virtual1   11.179698336192818        2.2801000000000000        2.2801000000000000        4.8144060556263399
 Virtual2   11.179698336192818        2.2801000000000000        2.2801000000000000        3.6578898929302071
 Soft   13.178277745158152        2.2801000000000000        2.2801000000000000      -0.53881385561929918
 Virtual1   13.178277745158152        2.2801000000000000        2.2801000000000000        5.3796855446712586
 Virtual2   13.178277745158152        2.2801000000000000        2.2801000000000000        4.2972115705767759
 Soft   15.534140466590793        2.2801000000000000        2.2801000000000000      -0.58512927057441377
 Virtual1   15.534140466590793        2.2801000000000000        2.2801000000000000        6.0087284544275148
 Virtual2   15.534140466590793        2.2801000000000000        2.2801000000000000        5.0006463582999805
 Soft   18.311157550495054        2.2801000000000000        2.2801000000000000      -0.63165002012878446
 Virtual1   18.311157550495054        2.2801000000000000        2.2801000000000000        6.7025747359841645
 Virtual2   18.311157550495054        2.2801000000000000        2.2801000000000000        5.7684122505174367
 Soft   21.584618187287354        2.2801000000000000        2.2801000000000000      -0.67789837840627598
 Virtual1   21.584618187287354        2.2801000000000000        2.2801000000000000        7.4617411598857286
 Virtual2   21.584618187287354        2.2801000000000000        2.2801000000000000        6.6002441676946955
 Soft   25.443270913169552        2.2801000000000000        2.2801000000000000      -0.72342144329609148
 Virtual1   25.443270913169552        2.2801000000000000        2.2801000000000000        8.2863033425510348
 Virtual2   25.443270913169552        2.2801000000000000        2.2801000000000000        7.4955067025061179
 Soft   29.991729719000272        2.2801000000000000        2.2801000000000000      -0.76780700790614631
 Virtual1   29.991729719000272        2.2801000000000000        2.2801000000000000        9.1759874896186222
 Virtual2   29.991729719000272        2.2801000000000000        2.2801000000000000        8.4533093183098558
 Soft   35.353310295964221        2.2801000000000000        2.2801000000000000      -0.81069549553088649
 Virtual1   35.353310295964221        2.2801000000000000        2.2801000000000000        10.130262253616085
 Virtual2   35.353310295964221        2.2801000000000000        2.2801000000000000        9.4726132871245294
 Soft   41.673373313007829        2.2801000000000000        2.2801000000000000      -0.85178756858116422
 Virtual1   41.673373313007829        2.2801000000000000        2.2801000000000000        11.148423289868077
 Virtual2   41.673373313007829        2.2801000000000000        2.2801000000000000        10.552322951451520
 Soft   49.123265367417751        2.2801000000000000        2.2801000000000000      -0.89084752704352432
 Virtual1   49.123265367417751        2.2801000000000000        2.2801000000000000        12.229665762239815
 Virtual2   49.123265367417751        2.2801000000000000        2.2801000000000000        11.691357455685820
 Soft   57.904964453754140        2.2801000000000000        2.2801000000000000      -0.92770299496454456
 Virtual1   57.904964453754140        2.2801000000000000        2.2801000000000000        13.373142607426445
 Virtual2   57.904964453754140        2.2801000000000000        2.2801000000000000        12.888702227271526
 Soft   68.256555896922990        2.2801000000000000        2.2801000000000000      -0.96224162667297009
 Virtual1   68.256555896922990        2.2801000000000000        2.2801000000000000        14.578008428973328
 Virtual2   68.256555896922990        2.2801000000000000        2.2801000000000000        14.143441800496785
 Soft   80.458687210328122        2.2801000000000000        2.2801000000000000      -0.99440565517473090
 Virtual1   80.458687210328122        2.2801000000000000        2.2801000000000000        15.843450301619686
 Virtual2   80.458687210328122        2.2801000000000000        2.2801000000000000        15.454776962279432
 Soft   94.842176880202786        2.2801000000000000        2.2801000000000000       -1.0241850826063725
 Virtual1   94.842176880202786        2.2801000000000000        2.2801000000000000        17.168707542099195
 Virtual2   94.842176880202786        2.2801000000000000        2.2801000000000000        16.822029764161094
 Soft   111.79698336192860        2.2801000000000000        2.2801000000000000       -1.0516102146767601
 Virtual1   111.79698336192860        2.2801000000000000        2.2801000000000000        18.553082767554699
 Virtual2   111.79698336192860        2.2801000000000000        2.2801000000000000        18.244639899886575
 Soft   131.78277745158201        2.2801000000000000        2.2801000000000000       -1.0767441039197365
 Virtual1   131.78277745158201        2.2801000000000000        2.2801000000000000        19.995946477120366
 Virtual2   131.78277745158201        2.2801000000000000        2.2801000000000000        19.722155526521448
 Soft   155.34140466590850        2.2801000000000000        2.2801000000000000       -1.0996753193596440
 Virtual1   155.34140466590850        2.2801000000000000        2.2801000000000000        21.496737106200381
 Virtual2   155.34140466590850        2.2801000000000000        2.2801000000000000        21.254221009594147
 Soft   183.11157550495119        2.2801000000000000        2.2801000000000000       -1.1205113224121028
 Virtual1   183.11157550495119        2.2801000000000000        2.2801000000000000        23.054958133632677
 Virtual2   183.11157550495119        2.2801000000000000        2.2801000000000000        22.840563444133672
 Soft   215.84618187287424        2.2801000000000000        2.2801000000000000       -1.1393726116886782
 Virtual1   215.84618187287424        2.2801000000000000        2.2801000000000000        24.670173447896104
 Virtual2   215.84618187287424        2.2801000000000000        2.2801000000000000        24.480979232226893
 Soft   254.43270913169641        2.2801000000000000        2.2801000000000000       -1.1563877069779380
 Virtual1   254.43270913169641        2.2801000000000000        2.2801000000000000        26.342001844315252
 Virtual2   254.43270913169641        2.2801000000000000        2.2801000000000000        26.175321526305495
 Soft   299.91729719000375        2.2801000000000000        2.2801000000000000       -1.1716889748862656
 Virtual1   299.91729719000375        2.2801000000000000        2.2801000000000000        28.070111250265793
 Virtual2   299.91729719000375        2.2801000000000000        2.2801000000000000        27.923488986613815
 Soft   353.53310295964343        2.2801000000000000        2.2801000000000000       -1.1854092526335691
 Virtual1   353.53310295964343        2.2801000000000000        2.2801000000000000        29.854213062824329
 Virtual2   353.53310295964343        2.2801000000000000        2.2801000000000000        29.725416043230950
 Soft   416.73373313007971        2.2801000000000000        2.2801000000000000       -1.1976791982508743
 Virtual1   416.73373313007971        2.2801000000000000        2.2801000000000000        31.694056827262656
 Virtual2   416.73373313007971        2.2801000000000000        2.2801000000000000        31.581064680698891
 Soft   491.23265367417935        2.2801000000000000        2.2801000000000000       -1.2086252808369338
 Virtual1   491.23265367417935        2.2801000000000000        2.2801000000000000        33.589425375571203
 Virtual2   491.23265367417935        2.2801000000000000        2.2801000000000000        33.490417657451061
 Soft   579.04964453754360        2.2801000000000000        2.2801000000000000       -1.2183683197151609
 Virtual1   579.04964453754360        2.2801000000000000        2.2801000000000000        35.540130471334876
 Virtual2   579.04964453754360        2.2801000000000000        2.2801000000000000        35.453473014728253
 Soft   682.56555896923260        2.2801000000000000        2.2801000000000000       -1.2270224830256566
 Virtual1   682.56555896923260        2.2801000000000000        2.2801000000000000        37.546008961242720
 Virtual2   682.56555896923260        2.2801000000000000        2.2801000000000000        37.470239705319308
 Soft   804.58687210328435        2.2801000000000000        2.2801000000000000       -1.2346946635256657
 Virtual1   804.58687210328435        2.2801000000000000        2.2801000000000000        39.606919406906655
 Virtual2   804.58687210328435        2.2801000000000000        2.2801000000000000        39.540734169955975
 Soft   948.42176880203135        2.2801000000000000        2.2801000000000000       -1.2414841553588829
 Virtual1   948.42176880203135        2.2801000000000000        2.2801000000000000        41.722739155783650
 Virtual2   948.42176880203135        2.2801000000000000        2.2801000000000000        41.664977698275777
 Soft   1117.9698336192903        2.2801000000000000        2.2801000000000000       -1.2474825678085608
 Virtual1   1117.9698336192903        2.2801000000000000        2.2801000000000000        43.893361805196392
 Virtual2   1117.9698336192903        2.2801000000000000        2.2801000000000000        43.842994428770588
 Soft   1317.8277745158250        2.2801000000000000        2.2801000000000000       -1.2527739195486731
 Virtual1   1317.8277745158250        2.2801000000000000        2.2801000000000000        46.118695012212932
 Virtual2   1317.8277745158250        2.2801000000000000        2.2801000000000000        46.074809860778899
 Soft   1553.4140466590909        2.2801000000000000        2.2801000000000000       -1.2574348672141156
 Virtual1   1553.4140466590909        2.2801000000000000        2.2801000000000000        48.398658604913763
 Virtual2   1553.4140466590909        2.2801000000000000        2.2801000000000000        48.360449771484724
 Soft   1831.1157550495188        2.2801000000000000        2.2801000000000000       -1.2615350275589634
 Virtual1   1831.1157550495188        2.2801000000000000        2.2801000000000000        50.733182953698389
 Virtual2   1831.1157550495188        2.2801000000000000        2.2801000000000000        50.699939448426619
 Soft   2158.4618187287506        2.2801000000000000        2.2801000000000000       -1.2651373671827031
 Virtual1   2158.4618187287506        2.2801000000000000        2.2801000000000000        53.122207567784130
 Virtual2   2158.4618187287506        2.2801000000000000        2.2801000000000000        53.093303166396680
 Soft   2544.3270913169740        2.2801000000000000        2.2801000000000000       -1.2682986278963000
 Virtual1   2544.3270913169740        2.2801000000000000        2.2801000000000000        55.565679883274228
 Virtual2   2544.3270913169740        2.2801000000000000        2.2801000000000000        55.540563848460224
 Soft   2999.1729719000482        2.2801000000000000        2.2801000000000000       -1.2710697755218519
 Virtual1   2999.1729719000482        2.2801000000000000        2.2801000000000000        58.063554217310319
 Virtual2   2999.1729719000482        2.2801000000000000        2.2801000000000000        58.041742866625086
 Soft   3535.3310295964470        2.2801000000000000        2.2801000000000000       -1.2734964492559016
 Virtual1   3535.3310295964470        2.2801000000000000        2.2801000000000000        60.615790862766097
 Virtual2   3535.3310295964470        2.2801000000000000        2.2801000000000000        60.596859943659531
 Soft   4167.3373313008124        2.2801000000000000        2.2801000000000000       -1.2756194119263427
 Virtual1   4167.3373313008124        2.2801000000000000        2.2801000000000000        63.222355306225751
 Virtual2   4167.3373313008124        2.2801000000000000        2.2801000000000000        63.205933130497165
 Soft   4912.3265367418107        2.2801000000000000        2.2801000000000000       -1.2774749791589812
 Virtual1   4912.3265367418107        2.2801000000000000        2.2801000000000000        65.883217548754715
 Virtual2   4912.3265367418107        2.2801000000000000        2.2801000000000000        65.868978833986617
 Soft   5790.4964453754565        2.2801000000000000        2.2801000000000000       -1.2790954367107901
 Virtual1   5790.4964453754565        2.2801000000000000        2.2801000000000000        68.598351518434328
 Virtual2   5790.4964453754565        2.2801000000000000        2.2801000000000000        68.586011881856223
 Soft   6825.6555896923483        2.2801000000000000        2.2801000000000000       -1.2805094239094643
 Virtual1   6825.6555896923483        2.2801000000000000        2.2801000000000000        71.367734558049108
 Virtual2   6825.6555896923483        2.2801000000000000        2.2801000000000000        71.357045608133618
 Soft   8045.8687210328708        2.2801000000000000        2.2801000000000000       -1.2817422914288557
 Virtual1   8045.8687210328708        2.2801000000000000        2.2801000000000000        74.191346979899578
 Virtual2   8045.8687210328708        2.2801000000000000        2.2801000000000000        74.182091952227637
 Soft   9484.2176880203460        2.2801000000000000        2.2801000000000000       -1.2828164648763618
 Virtual1   9484.2176880203460        2.2801000000000000        2.2801000000000000        77.069171685313236
 Virtual2   9484.2176880203460        2.2801000000000000        2.2801000000000000        77.061161571436514
 Soft   11179.698336192940        2.2801000000000000        2.2801000000000000       -1.2837517132183507
 Virtual1   11179.698336192940        2.2801000000000000        2.2801000000000000        80.001193819965536
 Virtual2   11179.698336192940        2.2801000000000000        2.2801000000000000        79.994263940819948
 Soft   13178.277745158299        2.2801000000000000        2.2801000000000000       -1.2845654699665374
 Virtual1   13178.277745158299        2.2801000000000000        2.2801000000000000        82.987400489304505
 Virtual2   13178.277745158299        2.2801000000000000        2.2801000000000000        82.981407467906081
 Soft   15534.140466590967        2.2801000000000000        2.2801000000000000       -1.2852730999960613
 Virtual1   15534.140466590967        2.2801000000000000        2.2801000000000000        86.027780505281626
 Virtual2   15534.140466590967        2.2801000000000000        2.2801000000000000        86.022599596821081
 Soft   18311.157550495256        2.2801000000000000        2.2801000000000000       -1.2858880356696432
 Virtual1   18311.157550495256        2.2801000000000000        2.2801000000000000        89.122324145839301
 Virtual2   18311.157550495256        2.2801000000000000        2.2801000000000000        89.117846886713423
 Soft   21584.618187287593        2.2801000000000000        2.2801000000000000       -1.2864221597078540
 Virtual1   21584.618187287593        2.2801000000000000        2.2801000000000000        92.271022994776118
 Virtual2   21584.618187287593        2.2801000000000000        2.2801000000000000        92.267155135451560
 Soft   25443.270913169832        2.2801000000000000        2.2801000000000000       -1.2868857980195969
 Virtual1   25443.270913169832        2.2801000000000000        2.2801000000000000        95.473869736234107
 Virtual2   25443.270913169832        2.2801000000000000        2.2801000000000000        95.470529426114155
 Soft   29991.729719000607        2.2801000000000000        2.2801000000000000       -1.2872880569649396
 Virtual1   29991.729719000607        2.2801000000000000        2.2801000000000000        98.730858039509627
 Virtual2   29991.729719000607        2.2801000000000000        2.2801000000000000        98.727974235035177
 Soft   35353.310295964620        2.2801000000000000        2.2801000000000000       -1.2876366595264130
 Virtual1   35353.310295964620        2.2801000000000000        2.2801000000000000        102.04198237550467
 Virtual2   35353.310295964620        2.2801000000000000        2.2801000000000000        102.03949344563723
 Soft   41673.373313008298        2.2801000000000000        2.2801000000000000       -1.2879391214177076
 Virtual1   41673.373313008298        2.2801000000000000        2.2801000000000000        105.40723808675956
 Virtual2   41673.373313008298        2.2801000000000000        2.2801000000000000        105.40509059264571
 Soft   49123.265367418331        2.2801000000000000        2.2801000000000000       -1.2882011917956788
 Virtual1   49123.265367418331        2.2801000000000000        2.2801000000000000        108.82662099752838
 Virtual2   49123.265367418331        2.2801000000000000        2.2801000000000000        108.82476862568167
 Soft   57904.964453754823        2.2801000000000000        2.2801000000000000       -1.2884278352029241
 Virtual1   57904.964453754823        2.2801000000000000        2.2801000000000000        112.30012748713705
 Virtual2   57904.964453754823        2.2801000000000000        2.2801000000000000        112.29853011764696
 Soft   68256.555896923805        2.2801000000000000        2.2801000000000000       -1.2886243268727640
 Virtual1   68256.555896923805        2.2801000000000000        2.2801000000000000        115.82775457776177
 Virtual2   68256.555896923805        2.2801000000000000        2.2801000000000000        115.82637747114822
 Soft   80458.687210329066        2.2801000000000000        2.2801000000000000       -1.2887937957959821
 Virtual1   80458.687210329066        2.2801000000000000        2.2801000000000000        119.40949945442713
 Virtual2   80458.687210329066        2.2801000000000000        2.2801000000000000        119.40831254263426
 Soft   94842.176880203871        2.2801000000000000        2.2801000000000000       -1.2889414824005883
 Virtual1   94842.176880203871        2.2801000000000000        2.2801000000000000        123.04536008227088
 Virtual2   94842.176880203871        2.2801000000000000        2.2801000000000000        123.04433735088723
 Soft   111796.98336192989        2.2801000000000000        2.2801000000000000       -1.2890684653377207
 Virtual1   111796.98336192989        2.2801000000000000        2.2801000000000000        126.73533415348815
 Virtual2   111796.98336192989        2.2801000000000000        2.2801000000000000        126.73445310390309
 Soft   131782.77745158353        2.2801000000000000        2.2801000000000000       -1.2891778249098138
 Virtual1   131782.77745158353        2.2801000000000000        2.2801000000000000        130.47942001268262
 Virtual2   131782.77745158353        2.2801000000000000        2.2801000000000000        130.47866119408758
 Soft   155341.40466591032        2.2801000000000000        2.2801000000000000       -1.2892744024754279
 Virtual1   155341.40466591032        2.2801000000000000        2.2801000000000000        134.27761654659599
 Virtual2   155341.40466591032        2.2801000000000000        2.2801000000000000        134.27696314905933
 Soft   183111.57550495336        2.2801000000000000        2.2801000000000000       -1.2893545942172864
 Virtual1   183111.57550495336        2.2801000000000000        2.2801000000000000        138.12992163463571
 Virtual2   183111.57550495336        2.2801000000000000        2.2801000000000000        138.12935913551752
 Soft   215846.18187287680        2.2801000000000000        2.2801000000000000       -1.2894232839319955
 Virtual1   215846.18187287680        2.2801000000000000        2.2801000000000000        142.03633463928486
 Virtual2   215846.18187287680        2.2801000000000000        2.2801000000000000        142.03585049610336
